{
  "exclude": [
    "**/bin",
    "**/bower_components",
    "**/jspm_packages",
    "**/node_modules",
    "**/obj",
    "**/platforms"
  ],

  "General": {
    "FirstTenInts": "1,2,3,4,5,6,7,8,9,10",
    "Fruits": "apple,mango,grapes,pomegranate,watermelon,guava",
    "Names": "Ram,Shyam,Suresh,Ramesh,Dinesh,Mahesh"
  },

  "LinkedList": {
    "Names": "Ram,Shyam,Suresh,Ramesh,Dinesh,Mahesh"
  },

  "BinarySearchTree": {
    "RandomInts": "56,73,105,87,159,132,23,90,19,124",
    "RandomNegativeInts": "-456,-87,-92,-158,-496,-106,-23,-75,-367,-276",
    "RandomUInts": "78,99,29,156,22,13,183,96,30,85",
    "Characters": "a,z,x,r,t,h,w,p,i,m",
    "Fruits": "apple,mango,grapes,pomegranate,watermelon,guava",
    "Names": "Ram,Shyam,Suresh,Ramesh,Dinesh,Mahesh",
    "PreOrderInts": "56,23,19,73,105,87,90,159,132,124",
    "PostOrderInts": "19,23,90,87,124,132,159,105,73,56",
    "BreadthFirstInts": "56,23,73,19,105,87,159,90,132,124",
    "PreOrderNegativeInts": "1",
    "PostOrderNegativeInts": "1",
    "BreadthFirstNegativeInts": "-456,-496,-87,-92,-23,-158,-75,-367,-106,-276",
    "PreOrderUInts": "78,29,22,13,30,99,96,85,156,183",
    "PostOrderUInts": "13,22,30,29,85,96,183,156,99,78",
    "BreadthFirstUInts": "78,29,99,22,30,96,156,13,85,183",
    "PreOrderChars": "a,z,x,r,h,p,i,m,t,w",
    "PostOrderChars": "m,i,p,h,w,t,r,x,z,a",
    "BreadthFirstChars": "a,z,x,r,h,t,p,w,i,m",
    "PreOrderString": "Ram,Dinesh,Mahesh,Shyam,Ramesh,Suresh",
    "PostOrderString": "Mahesh,Dinesh,Ramesh,Suresh,Shyam,Ram",
    "BreadthFirstString": "Ram,Dinesh,Shyam,Mahesh,Ramesh,Suresh"
  },

  "AVLTree": {
    "RandomInts": "56,73,105,87,159,132,23,90,19,124",
    "RandomNegativeInts": "-456,-87,-92,-158,-496,-106,-23,-75,-367,-276",
    "RandomUInts": "78,99,29,156,22,13,183,96,30,85",
    "Characters": "a,z,x,r,t,h,w,p,i,m",
    "Fruits": "apple,mango,grapes,pomegranate,watermelon,guava",
    "Names": "Ram,Shyam,Suresh,Ramesh,Dinesh,Mahesh",
    "PreOrderInts": "56,23,19,73,105,87,90,159,132,124",
    "PostOrderInts": "19,23,90,87,124,132,159,105,73,56",
    "BreadthFirstInts": "56,23,73,19,105,87,159,90,132,124",
    "PreOrderNegativeInts": "1",
    "PostOrderNegativeInts": "1",
    "BreadthFirstNegativeInts": "-456,-496,-87,-92,-23,-158,-75,-367,-106,-276",
    "PreOrderUInts": "78,29,22,13,30,99,96,85,156,183",
    "PostOrderUInts": "13,22,30,29,85,96,183,156,99,78",
    "BreadthFirstUInts": "78,29,99,22,30,96,156,13,85,183",
    "PreOrderChars": "a,z,x,r,h,p,i,m,t,w",
    "PostOrderChars": "m,i,p,h,w,t,r,x,z,a",
    "BreadthFirstChars": "a,z,x,r,h,t,p,w,i,m",
    "PreOrderString": "Ram,Dinesh,Mahesh,Shyam,Ramesh,Suresh",
    "PostOrderString": "Mahesh,Dinesh,Ramesh,Suresh,Shyam,Ram",
    "BreadthFirstString": "Ram,Dinesh,Shyam,Mahesh,Ramesh,Suresh"
  },

  "SplayTree": {
    "RandomInts": "56,73,105,87,159,132,23,90,19,124",
    "RandomNegativeInts": "-456,-87,-92,-158,-496,-106,-23,-75,-367,-276",
    "RandomUInts": "78,99,29,156,22,13,183,96,30,85",
    "Characters": "a,z,x,r,t,h,w,p,i,m",
    "Fruits": "apple,mango,grapes,pomegranate,watermelon,guava",
    "Names": "Ram,Shyam,Suresh,Ramesh,Dinesh,Mahesh",
    "PreOrderInts": "124,19,90,23,87,56,73,105,132,159",
    "PostOrderInts": "73,56,87,23,105,90,19,159,132,124",
    "BreadthFirstInts": "124,19,132,90,159,23,105,87,56,73",
    "PreOrderNegativeInts": "1",
    "PostOrderNegativeInts": "1",
    "BreadthFirstNegativeInts": "-456,-496,-87,-92,-23,-158,-75,-367,-106,-276",
    "PreOrderUInts": "85,30,22,13,29,78,96,183,156,99",
    "PostOrderUInts": "13,29,22,78,30,99,156,183,96,85",
    "BreadthFirstUInts": "85,30,96,22,78,183,13,29,156,99",
    "PreOrderChars": "m,i,h,a,p,w,r,t,x,z",
    "PostOrderChars": "a,h,i,t,r,z,x,w,p,m",
    "BreadthFirstChars": "m,i,p,h,w,a,r,x,t,z",
    "PreOrderString": "Mahesh,Dinesh,Ram,Ramesh,Suresh,Shyam",
    "PostOrderString": "Dinesh,Shyam,Suresh,Ramesh,Ram,Mahesh",
    "BreadthFirstString": "Mahesh,Dinesh,Ram,Ramesh,Suresh,Shyam"
  },

  "MaxHeap": {
    "RandomInts": "56,73,105,87,159,132,23,90,19,124",
    "RandomNegativeInts": "-456,-87,-92,-158,-496,-106,-23,-75,-367,-276",
    "RandomUInts": "78,99,29,156,22,13,183,96,30,85",
    "Characters": "a,z,x,r,t,h,w,p,i,m",
    "Names": "Ram,Shyam,Suresh,Ramesh,Dinesh,Mahesh",
    "ExpectedDeleteIntRoot": "132",
    "ExpectedDeleteUIntRoot": "156",
    "ExpectedDeleteNegativeRoot": "-75",
    "ExpectedDeleteStringRoot": "Shyam",
    "ExpectedDeleteCharRoot": "x"
  },

  "MinHeap": {
    "RandomInts": "56,73,105,87,159,132,23,90,19,124",
    "RandomNegativeInts": "-456,-87,-92,-158,-496,-106,-23,-75,-367,-276",
    "RandomUInts": "78,99,29,156,22,13,183,96,30,85",
    "Characters": "a,z,x,r,t,h,w,p,i,m",
    "Names": "Ram,Shyam,Suresh,Ramesh,Dinesh,Mahesh",
    "ExpectedDeleteIntRoot": "23",
    "ExpectedDeleteUIntRoot": "22",
    "ExpectedDeleteNegativeRoot": "-456",
    "ExpectedDeleteStringRoot": "Mahesh",
    "ExpectedDeleteCharRoot": "h"
  }
}